https://en.wikipedia.org/wiki/List_of_TCP_and_UDP_port_numbers#Well-known_ports

0
1
5
7
9
11
13
15
17
18
19
20
21
22
23
25
37
42
43
47
49
51
52
53
54
56
58
61
67
68
69
70
71
72
73
74
75
76
77
79
80
81
82
88
90
101
102
104
105
107
108
109
110
111
113
115
117
118
119
123
126
135
137
138
139
143
152
153
156
158
161
162
170
177
179
194
201
209
210
213
218
220
225
226
227
228
229
230
231
232
233
234
235
236
237
238
239
240
241
249
250
251
252
253
254
255
259
262
264
280
300
308
311
318
319
320
350
351
356
366
369
370
371
383
384
387
388
389
399
401
427
433
434
443
444
445
464
465
475
491
497
500
502
504
510
512
513
514
515
517
518
520
521
524
525
530
532
533
540
542
543
544
546
547
548
550
554
556
560
561
563
564
585
587
591
593
601
604
623
625
631
635
636
639
641
643
646
647
648
651
653
654
655
657
660
666
674
688
690
691
694
695
698
700
701
702
706
711
712
749
750
751
752
753
754
760
782
783
800
808
829
830
831
832
833
843
847
848
853
860
861
862
873
888
897
898
902
903
953
981
987
989
990
991
992
993
994
995
1010
1011
1012
1013
1014
1015
1016
1017
1018
1019
1020
1023
1024
1027
1028
1029
1058
1059
1080
1085
1098
1099
1109
1113
1119
1167
1194
1198
1214
1220
1234
1241
1270
1293
1311
1314
1337
1341
1344
1352
1360
1414
1417
1418
1419
1420
1431
1433
1434
1492
1494
1500
1501
1503
1512
1513
1521
1524
1527
1533
1534
1540
1541
1542
1545
1547
1550
1560–1590
1581
1582–1583
1583
1589
1604
1626
1627
1628
1629
1645
1646
1666
1677
1688
1701
1707
1716
1719
1720
1723
1755
1761
1783
1801
1812
1813
1863
1880
1883
1900
1935
1967
1970
1972
1984
1985
1998
2000
2010
2033
2049
2056
2080
2082
2083
2086
2087
2095
2096
2100
2101
2102
2103
2104
2123
2142
2152
2159
2181
2195
2196
2210
2211
2221
2222
2222
2223
2224
2225
2226
2261
2262
2302
2303
2305
2351
2368
2369
2370
2372
2375
2376
2377
2379
2380
2389
2399
2401
2404
2424
2427
2447
2480
2483
2484
2535
2541
2546
2547
2548
2593
2598
2599
2638
2710
2727
2775
2809
2811
2827
2944
2945
2947
2948
2949
2967
3000
3004
3020
3050
3052
3074
3101
3128
3225
3233
3260
3268
3269
3283
3290
3305
3306
3313
3323
3332
3333
3351
3386
3389
3396
3412
3423
3424
3455
3478
3479
3480
3483
3493
3516
3527
3535
3544
3632
3645
3659
3667
3689
3690
3702
3724
3725
3768
3784
3785
3799
3804
3825
3826
3835
3830
3856
3880
3868
3872
3900
3960
3962
3978
3979
3999
4000
4001
4018
4035
4045
4050
4069
4070
4089
4090
4093
4096
4105
4111
4116
4125
4172
4190
4198
4201
4222
4226
4242
4243
4244
4303
4307
4321
4444
4444
4445
4486
4488
4500
4502
4503
4504
4505
4506
4507
4508
4509
4510
4511
4512
4513
4514
4515
4516
4517
4518
4519
4520
4521
4522
4523
4524
4525
4526
4527
4528
4529
4530
4531
4532
4533
4534
4534
4560
4567
4569
4604
4605
4610
4611
4612
4613
4614
4615
4616
4617
4618
4619
4620
4621
4622
4623
4624
4625
4626
4627
4628
4629
4630
4631
4632
4633
4634
4635
4636
4637
4638
4639
4640
4662
4664
4672
4711
4713
4728
4730
4739
4747
4753
4789
4791
4840
4843
4847
4848
4894
4949
4950
5000
5000–5500
5001
5002
5003
5004
5005
5010
5011
5025
5031
5037
5048
5050
5051
5060
5061
5062
5064
5065
5070
5084
5085
5093
5099
5104
5121
5124
5125
5150
5151
5154
5172
5190
5198
5199
5200
5201
5222
5223
5228
5242
5243
5246
5247
5269
5280
5281
5298
5310
5318
5349
5351
5353
5355
5357
5358
5394
5402
5405
5412
5413
5417
5421
5432
5433
5445
5480
5481
5495
5498
5499
5500
5501
5517
5550
5554
5555
5556
5568
5601
5631
5632
5656
5666
5667
5670
5671
5672
5683
5684
5693
5701
5722
5718
5719
5723
5724
5741
5742
5800
5900
5931
5938
5984
5985
5986
5988
5989
6000–6063
6005
6009
6050
6051
6086
6100
6101
6110
6111
6112
6113
6136
6159
6200
6201
6225
6227
6240
6244
6255
6257
6260
6262
6343
6346
6347
6350
6379
6389
6432
6436
6437
6444
6445
6463–6472
6464
6502
6513
6514
6515
6516
6543
6556
6566
6560
6561
6571
6600
6601
6602
6619
6622
6653
6660–6664
6665–6669
6679
6690
6697
6699
6715
6771
6783–6785
6881–6887
6888
6889
6890
6891–6900
6891–6900
6901
6902–6968
6969
6970–6999
7000
7001
7002
7005
7006
7010
7022
7023
7025
7047
7070
7133
7144
7145
7171
7262
7272
7306
7307
7312
7396
7400
7401
7402
7471
7473
7474
7478
7542
7547
7575
7624
7631
7634
7652
7653
7654
7655
7656–7660
7670
7687
7707
7708
7717
7777
7777–7788
7831
7880
7890
7915
7935
7946
7990
8000
8005
8006
8007
8008
8009
8010
8042
8069
8070
8074
8075
8080
8088
8089
8090
8091
8092
8111
8112
8116
8118
8123
8139
8140
8172
8184
8194
8195
8200
8222
8243
8245
8280
8281
8291
8303
8332
8333
8337
8384
8388
8443
8444
8448
8484
8500
8530
8531
8580
8629
8642
8691
8765
8767
8834
8840
8880
8883
8887
8888
8889
8983
8997
8998
8999
9000
9001
9002
9006
9030
9042
9043
9050
9051
9060
9080
9090
9091
9092
9100
9101
9102
9103
9119
9150
9191
9199
9200
9217
9293
9300
9303
9306
9309
9312
9332
9333
9339
9389
9418
9419
9420
9421
9422
9425
9443
9535
9536
9600
9675
9676
9695
9785
9800
9875
9898
9899
9981
9982
9987
9993
9997
9999
10000
10000–20000
10001
10009
10010
10024
10025
10042
10050
10051
10080
10110
10172
10200
10201
10202
10203
10204
10212
10308
10480
10505
10514
10823
10891
10933
11001
11111
11112
11211
11214
11215
11235
11311
11371
11753
12012
12013
12035
12043
12046
12201
12222
12223
12345
12443
12489
12975
13000–13050
13008
13075
13720
13721
13724
13782
13783
13785
13786
14550
14567
15000
15441
15567
15345
15672
16000
16080
16200
16225
16250
16261
16300
16384
16384-16403
16384-16387
16393-16402
16403-16472
16400
16482
16567
17011
17500
18080
18081
18091
18092
18104
18200
18201
18206
18300
18301
18306
18333
18400
18401
18505
18506
18605
18606
19000
19001
19132
19133
19150
19226
19294
19295
19302
19812
19813
19814
19999
20000
20560
20595
20808
21025
22000
22136
22222
23073
23399
23513
24441
24444
24465
24554
24800
24842
25565
25575
25826
26000
26900
26901
27000
27000–27006
27000–27009
27000–27015
27015
27015-27018
27015–27030
27016
27017
27031
27036
27037
27374
27500–27900
27888
27901–27910
27950
27960–27969
28001
28015
28770
28771
28785
28786
28852
28910
28960
29000
29070
29900
29901
29920
30564
31337
31416
31438
31457
32137
32400
32764
32887
32976
33434
33848
34000
34197
35357
37008
40000
43110
43594
43595
44405
44818
47808
49151